1 84.56 1 
2 85.96 0 
3 78.36 1 
4 82.40 0 
5 75.30 3 
6 72.48 4 
7 78.84 3 
8 88.50 1 
9 88.66 1 
10 92.20 0 
11 83.00 1 
12 77.76 1 
13 75.26 1 
14 80.06 1 
15 81.38 0 
16 91.88 0 
17 70.24 2 
18 67.04 5 
19 70.68 4 
20 84.08 1 
21 86.84 0 
22 88.08 0 
23 88.48 2 
24 70.28 6 
25 83.70 1 
26 82.72 3 
27 93.32 0 
28 84.60 0 
29 66.72 3 
30 84.28 0 
31 69.68 1 
32 74.34 4 
33 84.64 1 
34 77.32 1 
35 71.36 4 
36 95.12 0 
37 79.86 4 
38 89.10 0 
39 78.44 5 
40 82.44 2 
41 91.00 0 
42 88.34 1 
43 88.96 0 
44 80.14 1 
45 91.92 0 
46 88.68 1 
47 91.36 1 
48 76.22 5 
49 83.18 2 
50 74.02 4 
51 77.82 2 
52 74.16 2 
53 82.06 0 
54 77.56 0 
55 72.94 3 
56 86.46 2 
57 69.08 2 
58 89.42 3 
59 74.20 4 
60 81.04 0 
61 82.86 2 
62 86.98 1 
63 80.46 4 
64 81.28 0 
65 91.40 7 
66 85.52 6 
67 80.24 0 
68 81.70 0 
69 95.68 0 
70 87.36 1 
71 89.98 0 
72 74.36 3 
73 90.38 2 
74 71.84 4 
75 86.72 1 
76 70.30 1 
77 88.54 4 
78 91.40 1 
79 79.94 3 
80 91.00 0 
81 86.78 6 
82 89.94 1 
83 76.82 1 
84 75.34 3 
85 78.54 2 
86 84.64 0 
87 90.28 1 
88 88.62 0 
89 81.16 1 
90 81.20 2 
91 76.66 3 
92 86.04 1 
93 88.02 0 
94 78.50 1 
95 83.34 1 
96 76.68 1 
97 88.88 1 
98 92.90 1 
99 79.82 1 
100 88.80 1 